%YAML:1.0
---
calibration_time: "Sun 16 Jan 2022 05:48:02 PM CST"
image_width: 640
image_height: 480
flags: 0
camera_matrix: !!opencv-matrix
   rows: 3
   cols: 3
   dt: d
   data: [ 4.1958234088560408e+02, 0., 3.2406372855435455e+02, 0.,
       4.1764764998609257e+02, 2.4926774886306004e+02, 0., 0., 1. ]
distortion_coefficients: !!opencv-matrix
   rows: 1
   cols: 5
   dt: d
   data: [ 9.0483272796695758e-03, 3.4037756254808427e-02,
       1.2945825090897574e-03, 5.8736548379244493e-03,
       -7.0526814585725822e-02 ]
avg_reprojection_error: 1.1465601480185277e+00
