%YAML:1.0
---
calibration_time: "Tue 18 Jan 2022 11:14:12 AM CST"
image_width: 640
image_height: 480
flags: 0
camera_matrix: !!opencv-matrix
   rows: 3
   cols: 3
   dt: d
   data: [ 6.1718976354117103e+02, 0., 3.2965769225911930e+02, 0.,
       6.1258797559300660e+02, 2.3563845814169713e+02, 0., 0., 1. ]
distortion_coefficients: !!opencv-matrix
   rows: 1
   cols: 5
   dt: d
   data: [ 1.2627474449070245e-01, -2.1391686168913451e-01,
       2.2514965261910109e-03, 4.0119234889129315e-03,
       -3.1221627900291227e-01 ]
avg_reprojection_error: 8.2907433853234414e-01
