相机内参数矩阵：
[617.0563951636592, 0, 327.8764496027823;
 0, 617.2385243880769, 227.0883655281896;
 0, 0, 1]
畸变系数：
[0.1036330756426105, 0.07713019730580216, -0.004114835064701567, -0.003140985596964821, -1.236998472563739]

相机与机械臂之间的相对位姿为：
[0.9999999624190277, -0.0001066348446981288, 0.0002525687096498024, -106.0174954363054;
 0.000106657987661869, 0.9999999901150465, -9.161867098192249e-05, 48.28408966345854;
 -0.0002525589374104208, 9.164560600912135e-05, 0.9999999639075323, 6.855075595857189e-310;
 0, 0, 0, 1]

第1幅图像的相机坐标系下旋转矩阵为：
[-0.139711485979415, -0.9896534795487133, 0.03266023733147866;
 0.9455163610867845, -0.1431310701973864, -0.2924248752438077;
 0.2940739900137878, -0.009974325103766966, 0.9557306112268744]
第1幅图像的相机坐标系下平移矩阵为：
[0.1960259150311802;
 -0.1412421452685781;
 0.573984775624713]
第2幅图像的相机坐标系下旋转矩阵为：
[-0.4634306938882332, -0.8856155665809008, -0.03028300169832049;
 0.8591181550559647, -0.4406659240412994, -0.2602489943151808;
 0.2171358736264139, -0.1466240485678168, 0.9650665266011851]
第2幅图像的相机坐标系下平移矩阵为：
[0.02200609751431545;
 -0.05418270658991806;
 0.5749507076316215]
第3幅图像的相机坐标系下旋转矩阵为：
[-0.4762835193035686, -0.8659220872863831, -0.1527512618258874;
 0.8039781149811781, -0.3585220724034813, -0.4744271432273078;
 0.3560522431766422, -0.3487705009732138, 0.8669405618494126]
第3幅图像的相机坐标系下平移矩阵为：
[0.0007162047902063791;
 -0.1259739700540393;
 0.6779416246548505]
第4幅图像的相机坐标系下旋转矩阵为：
[-0.5072421954458055, -0.8327313174739102, -0.2219547432642179;
 0.818629122724688, -0.3850808243347111, -0.426097545354003;
 0.269354254813854, -0.3978332711424033, 0.8770273506486601]
第4幅图像的相机坐标系下平移矩阵为：
[-0.0713559913176999;
 -0.08411803674385207;
 0.6728748152551344]
第5幅图像的相机坐标系下旋转矩阵为：
[0.004628309264004164, -0.9873475983246039, -0.1585033085963604;
 0.9987443350910256, 0.01247092854295709, -0.04852039844087869;
 0.04988318230568194, -0.1580797141442025, 0.9861655399065337]
第5幅图像的相机坐标系下平移矩阵为：
[0.0593449758573931;
 -0.143959345129292;
 0.5379176238227309]
第6幅图像的相机坐标系下旋转矩阵为：
[0.3860796244253864, -0.9195001854971713, -0.07390488802657172;
 0.9192981812179127, 0.3768838765555396, 0.1133551833923196;
 -0.07637655146044633, -0.1117047557767184, 0.9908020336696294]
第6幅图像的相机坐标系下平移矩阵为：
[0.1658766342397749;
 -0.1607751876369578;
 0.5896011771687123]
第7幅图像的相机坐标系下旋转矩阵为：
[0.2582154830343026, -0.852821501303082, -0.4538945375706992;
 0.9609347982452238, 0.2751853610523319, 0.02961976677673985;
 0.09964475823028772, -0.4438113382707283, 0.8905629782219628]
第7幅图像的相机坐标系下平移矩阵为：
[-0.08472371837933364;
 -0.11100799280936;
 0.6381156102646532]
第8幅图像的相机坐标系下旋转矩阵为：
[0.268543328745867, -0.9339941826321416, -0.2356678751875333;
 0.9154749117392855, 0.323569801553369, -0.2391825024926794;
 0.2996500735224945, -0.1515171618399413, 0.9419407535009474]
第8幅图像的相机坐标系下平移矩阵为：
[0.1502236230961862;
 -0.1531443164338101;
 0.6846680311001698]
第9幅图像的相机坐标系下旋转矩阵为：
[0.1922695985468611, -0.9233161582110974, -0.3324449931355996;
 0.8215486307922355, 0.336730717871401, -0.4600763750565922;
 0.536740392292244, -0.1846610289912599, 0.8232922055102048]
第9幅图像的相机坐标系下平移矩阵为：
[0.1205632578640947;
 -0.2013457934428089;
 0.7295045260723269]
第10幅图像的相机坐标系下旋转矩阵为：
[0.2674438561075414, -0.8519277007215796, -0.4502143673557872;
 0.9612971829143759, 0.2679943179783784, 0.06392786287831799;
 0.06619297508961136, -0.4498869172075876, 0.8906291325654241]
第10幅图像的相机坐标系下平移矩阵为：
[-0.08945930295159361;
 -0.1163326350720695;
 0.6238913084240676]
第11幅图像的相机坐标系下旋转矩阵为：
[0.1186102656875832, -0.9258768278289133, -0.358725110025755;
 0.978907080023918, 0.04851041789571665, 0.1984632662097189;
 -0.1663506343617833, -0.3746983307209308, 0.912101215547036]
第11幅图像的相机坐标系下平移矩阵为：
[-0.06915499363677505;
 -0.05925237915401759;
 0.5286377903405519]
第12幅图像的相机坐标系下旋转矩阵为：
[-0.5563845743739442, -0.8242742734369395, 0.1049196242307921;
 0.8009681337312605, -0.5656319373593881, -0.196241076704463;
 0.2211023612397359, -0.02514823232497452, 0.9749263111974888]
第12幅图像的相机坐标系下平移矩阵为：
[0.01451695396524728;
 -0.0529136346439615;
 0.4950580543851558]
第13幅图像的相机坐标系下旋转矩阵为：
[-0.3478601319408404, -0.9300943377302301, 0.1179739442769714;
 0.8668396618651851, -0.3670089297544464, -0.3374810307231318;
 0.3571866867949486, -0.01513170190892738, 0.9339104359486445]
第13幅图像的相机坐标系下平移矩阵为：
[0.1734734040187643;
 -0.1059063902299132;
 0.5726934283857791]
第14幅图像的相机坐标系下旋转矩阵为：
[-0.3929662661623727, -0.9152994178821059, -0.08834302056801951;
 0.8427852455998256, -0.3200656316214128, -0.4327482192384249;
 0.3678186284810016, -0.2445096461889885, 0.8971758408823159]
第14幅图像的相机坐标系下平移矩阵为：
[0.07668725349921149;
 -0.1102886107408816;
 0.6709305303705547]
第15幅图像的相机坐标系下旋转矩阵为：
[-0.05083072190201791, -0.9978419783313331, -0.04156469644699361;
 0.9974714507781752, -0.04865403907068051, -0.05180240693820057;
 0.04966832585664584, -0.04409275180706801, 0.997792005702931]
第15幅图像的相机坐标系下平移矩阵为：
[0.1066731350349047;
 -0.1464918951315596;
 0.5017869021979143]
相机与机械臂之间的相对位姿为：
[0.9999999624190277, -0.0001066348446981288, 0.0002525687096498024, -106.0174954363054;
 0.000106657987661869, 0.9999999901150465, -9.161867098192249e-05, 48.28408966345854;
 -0.0002525589374104208, 9.164560600912135e-05, 0.9999999639075323, 6.855075595857189e-310;
 0, 0, 0, 1]

第0个标定板的世界坐标系，可用来验证标定的正确性：
[-0.1397380318310461, -0.9896406987995524, 0.03293280643248307, -106.0942474967127;
 0.9454745077263159, -0.1432357093967437, -0.2925089516464284, 48.14281583959345;
 0.2941959172042782, -0.009737496246236585, 0.9556955286424583, 0.5739223025893836;
 0, 0, 0, 1]
第1个标定板的世界坐标系，可用来验证标定的正确性：
[-0.4634674466756783, -0.8856055756029831, -0.03001150334181432, -106.3779913472953;
 0.8590488242782266, -0.440746944159047, -0.2603406397792294, 48.22985662831058;
 0.2173316437570098, -0.1464407582449996, 0.9650502893354859, 0.5749401634366462;
 0, 0, 0, 1]
第2个标定板的世界坐标系，可用来验证标定的正确性：
[-0.4762793058301755, -0.8659719123140722, -0.1524817035615585, -106.284798571486;
 0.8038946865588463, -0.3585824724770323, -0.4745228586219137, 48.15805365892805;
 0.3562462010469451, -0.3485846489955736, 0.866935630092715, 0.6779298743415166;
 0, 0, 0, 1]
第3个标定板的世界坐标系，可用来验证标定的正确性：
[-0.5072614401781482, -0.832790703445939, -0.2216877884828325, -106.36936049979;
 0.8185503354072954, -0.3851331888790258, -0.4262015664312801, 48.19990238682211;
 0.2695573774041346, -0.3976582340124379, 0.8770443256809278, 0.6728851118404534;
 0, 0, 0, 1]
第4个标定板的世界坐标系，可用来验证标定的正确性：
[0.005472238784906959, -0.9873767566051651, -0.1582946465252227, -106.2015141931051;
 0.9987355504292601, 0.01330727203385496, -0.04847903484785981, 48.23956246642502;
 0.04997354211424267, -0.1578292020726242, 0.986201089059262, 0.5378482376238553;
 0, 0, 0, 1]
第5个标定板的世界坐标系，可用来验证标定的正确性：
[0.3859622903703034, -0.9195685530211343, -0.0736667272703686, -105.9839967492537;
 0.9193463481246504, 0.3767960350318867, 0.1132565237596426, 48.12327815100258;
 -0.07638980692460801, -0.1114379840039583, 0.9908310517536046, 0.5895445279225638;
 0, 0, 0, 1]
第6个标定板的世界坐标系，可用来验证标定的正确性：
[0.2581381713453474, -0.8529629064584947, -0.45367275066986, -106.2772781461444;
 0.9609532001699121, 0.2751350595119527, 0.02948976280947143, 48.17301417198103;
 0.09966760545776487, -0.4435707150311335, 0.8906802957229287, 0.6381268115710007;
 0, 0, 0, 1]
第7个标定板的世界坐标系，可用来验证标定的正确性：
[0.2685213793611253, -0.9340669198413255, -0.2354044563812192, -106.0000825626132;
 0.9154760914394068, 0.3234840622158878, -0.239293935349675, 48.13089864271281;
 0.2996661389426997, -0.1512516140424503, 0.9419783195067326, 0.6846160310665015;
 0, 0, 0, 1]
第8个标定板的世界坐标系，可用来验证标定的正确性：
[0.1923175494388243, -0.9233986703375986, -0.3321879826191796, -106.014804462478;
 0.8215199543183309, 0.3366491538974813, -0.4601872573604334, 48.08268989480534;
 0.5367671048365884, -0.1843969706878748, 0.8233339737715687, 0.729455597957154;
 0, 0, 0, 1]
第9个标定板的世界坐标系，可用来验证标定的正确性：
[0.2673580565552387, -0.8520698735959533, -0.4499962223232348, -106.2869397553598;
 0.9613196339230968, 0.2679446684765213, 0.06379824503049197, 48.16769032789467;
 0.06621352602731113, -0.4496471785135357, 0.8907486647903815, 0.6239032182779458;
 0, 0, 0, 1]
第10个标定板的世界坐标系，可用来验证标定的正确性：
[0.1184638606605716, -0.9259766030083385, -0.3585158914170063, -106.3808305916104;
 0.9789349619037586, 0.04844599461999423, 0.1983414378483901, 48.22478147586599;
 -0.166290871907871, -0.3744600329626882, 0.9122099701459653, 0.5286498067522241;
 0, 0, 0, 1]
第11个标定板的世界坐标系，可用来验证标定的正确性：
[-0.5564141210389406, -0.8242202780427025, 0.1051867823049712, -106.4819968042745;
 0.8008885258501712, -0.5657175431558057, -0.1963192057015796, 48.23113222112572;
 0.2213162783665113, -0.02499189126435619, 0.9748817929887847, 0.495049520828708;
 0, 0, 0, 1]
第12个标定板的世界坐标系，可用来验证标定的正确性：
[-0.3478623400000516, -0.9300589886305792, 0.1182458036344317, -106.1745311010542;
 0.8667698262653182, -0.3671067417705595, -0.3375540081566121, 48.1781493071889;
 0.3573539711346145, -0.01493043248093643, 0.9338496782139264, 0.5726398896019592;
 0, 0, 0, 1]
第13个标定板的世界坐标系，可用来验证标定的正确性：
[-0.3929632221917161, -0.9153270088211775, -0.08807027266439039, -106.197734969021;
 0.8427096252238609, -0.3201408508027721, -0.4328398355077054, 48.17374776335248;
 0.3679950999127083, -0.2443078029244119, 0.8971584608476267, 0.6709010306371923;
 0, 0, 0, 1]
第14个标定板的世界坐标系，可用来验证标定的正确性：
[-0.05092454054002242, -0.99784788906499, -0.04130715990395378, -106.2273099484685;
 0.9974614688697019, -0.04875642668783046, -0.05189825601049589, 48.13756317426787;
 0.04977257569268814, -0.04384519523479634, 0.9977977197627471, 0.5017465174950474;
 0, 0, 0, 1]

